[gd_scene load_steps=22 format=3 uid="uid://d3hho37n31nkx"]

[ext_resource type="Script" path="res://scenes/entities/local_player/local_player.gd" id="1_n7sfx"]
[ext_resource type="PackedScene" uid="uid://bvsfst40mxgrb" path="res://assests/armatures/human.fbx" id="2_qkv5v"]
[ext_resource type="ArrayMesh" uid="uid://dqatpefhpcejq" path="res://assests/models/sword.obj" id="2_wf343"]

[sub_resource type="CapsuleShape3D" id="CapsuleShape3D_sdf8j"]
radius = 0.000277251
height = 0.00277251

[sub_resource type="CapsuleShape3D" id="CapsuleShape3D_7eicg"]
radius = 0.000202684
height = 0.00202684

[sub_resource type="CapsuleShape3D" id="CapsuleShape3D_dqrmx"]
radius = 0.000208161
height = 0.00208161

[sub_resource type="CapsuleShape3D" id="CapsuleShape3D_g2m84"]
radius = 0.000134734
height = 0.00134734

[sub_resource type="CapsuleShape3D" id="CapsuleShape3D_il833"]
radius = 0.0012139
height = 0.0042649

[sub_resource type="CapsuleShape3D" id="CapsuleShape3D_rxjrn"]
radius = 0.000268201
height = 0.00268201

[sub_resource type="CapsuleShape3D" id="CapsuleShape3D_fq68l"]
radius = 0.000307314
height = 0.00307314

[sub_resource type="CapsuleShape3D" id="CapsuleShape3D_658xw"]
radius = 0.000162241
height = 0.00162241

[sub_resource type="CapsuleShape3D" id="CapsuleShape3D_ykp6o"]
radius = 0.000268201
height = 0.00268201

[sub_resource type="CapsuleShape3D" id="CapsuleShape3D_17pwr"]
radius = 0.000307314
height = 0.00307314

[sub_resource type="CapsuleShape3D" id="CapsuleShape3D_oeehf"]
radius = 0.000162241
height = 0.00162241

[sub_resource type="CapsuleShape3D" id="CapsuleShape3D_03kff"]
radius = 0.000438049
height = 0.00438049

[sub_resource type="CapsuleShape3D" id="CapsuleShape3D_8s1rc"]
radius = 0.000516808
height = 0.00516808

[sub_resource type="CapsuleShape3D" id="CapsuleShape3D_3bdge"]
radius = 0.000203747
height = 0.00203747

[sub_resource type="CapsuleShape3D" id="CapsuleShape3D_88fdy"]
radius = 0.000438049
height = 0.00438049

[sub_resource type="CapsuleShape3D" id="CapsuleShape3D_p11ky"]
radius = 0.000516808
height = 0.00516808

[sub_resource type="CapsuleShape3D" id="CapsuleShape3D_npe5r"]
radius = 0.000203747
height = 0.00203747

[sub_resource type="ConvexPolygonShape3D" id="ConvexPolygonShape3D_yecvy"]
points = PackedVector3Array(0.0117167, 0.325123, -0.0461364, 0.00426864, 0.369874, 0.0506792, -0.0106239, 0.369874, 0.0506792, -0.0106239, 1.24128, -0.00888502, 0.0117167, 1.21895, 0.0208876, -0.0106239, 0.325123, -0.0461364, -0.00317215, 1.21895, -0.0386861, 0.0191684, 0.332597, 0.0134373, 0.00426864, 1.21147, 0.0432289, 0.0117167, 1.21147, -0.0237856, -0.0180756, 0.325123, 0.0134373, -0.0106239, 1.21147, 0.0283379, 0.0117167, 0.325123, 0.0506792, -0.0106239, 1.21147, -0.0312358, -0.0180756, 0.556076, -0.00888502, 0.0191684, 0.556076, -0.00888502, 0.0117167, 0.54122, -0.0461364, -0.0106239, 0.556076, -0.0461364, -0.0180756, 0.556076, 0.0134373, 0.0191684, 0.325123, -0.00888502, -0.0180756, 0.325123, -0.00888502, -0.0106239, 0.325123, 0.0506792, 0.0117167, 1.2338, -0.00888502, 0.0191684, 0.556076, 0.00598708, -0.0106239, 1.24128, 0.00598708, 0.0117167, 0.347544, 0.0506792, 0.0117167, 1.2338, 0.00598708, -0.0106239, 1.22633, 0.0208876, 0.00426864, 0.556076, -0.0461364, 0.0117167, 1.22633, -0.0163353)

[node name="LocalPlayer" node_paths=PackedStringArray("main_skeleton", "target_skeleton", "right_hand_bone", "head_bone", "root_bone", "floor_raycast", "camera", "joints", "sword") instance=ExtResource("2_qkv5v")]
script = ExtResource("1_n7sfx")
main_skeleton = NodePath("RootNode/Armature/Skeleton3D")
target_skeleton = NodePath("TargetPose/RootNode/Armature/Skeleton3D")
right_hand_bone = NodePath("RootNode/Armature/Skeleton3D/Physical Bone hand_r")
head_bone = NodePath("RootNode/Armature/Skeleton3D/Physical Bone head")
root_bone = NodePath("RootNode/Armature/Skeleton3D/Physical Bone pelvis")
floor_raycast = NodePath("FloorRayCast")
camera = NodePath("Camera3D")
joints = NodePath("Joints")
sword = NodePath("Attachments/RightHandAttachment/RigidBody3D")

[node name="FloorRayCast" type="RayCast3D" parent="." index="0"]
target_position = Vector3(0, -2, 0)

[node name="Armature" parent="RootNode" index="0"]
transform = Transform3D(-100, 3.89414e-05, 1.70218e-12, 0, -4.37114e-06, 100, 3.89414e-05, 100, 4.37114e-06, 0, 0, 0)

[node name="Skeleton3D" parent="RootNode/Armature" index="0"]
bones/0/rest = Transform3D(1, 2.49125e-23, 1.02907e-22, 1.05879e-22, -0.235292, -0.971925, 9.46633e-30, 0.971925, -0.235292, -1.4779e-12, -0.000109879, 0.00928852)
bones/0/rotation = Quaternion(0.785905, 4.16054e-23, 3.27351e-23, 0.618348)
bones/1/rest = Transform3D(1, 1.63225e-23, -5.03604e-23, 0, 0.951281, 0.308324, 5.29396e-23, -0.308324, 0.951281, -8.27181e-27, 0.00277251, 1.49012e-10)
bones/1/rotation = Quaternion(-0.156075, -2.61454e-23, -4.13126e-24, 0.987745)
bones/2/rest = Transform3D(1, -3.55271e-15, 2.38419e-07, -3.93917e-08, 0.986257, 0.165221, -2.35142e-07, -0.165221, 0.986257, 6.61744e-26, 0.00202684, -7.45058e-11)
bones/2/rotation = Quaternion(-0.0828957, 1.18799e-07, -9.88193e-09, 0.996558)
bones/3/rest = Transform3D(1, -5.71113e-08, 6.94137e-09, 5.71113e-08, 0.970886, -0.239542, 6.94128e-09, 0.239542, 0.970886, 6.3699e-17, 0.00208161, -1.30385e-10)
bones/3/rotation = Quaternion(0.120652, 2.2256e-14, 2.87658e-08, 0.992695)
bones/4/rest = Transform3D(1, -3.96051e-08, 3.31253e-09, 3.96051e-08, 0.986106, -0.166116, 3.31254e-09, 0.166116, 0.986106, -3.19189e-18, 0.00134734, 7.41405e-12)
bones/4/rotation = Quaternion(0.083348, -3.45371e-15, 1.98717e-08, 0.99652)
bones/6/rest = Transform3D(-0.904249, 0.427006, -1.87382e-06, -0.414574, -0.877923, -0.239543, -0.102288, -0.216606, 0.970886, 0.002021, 0.00168918, -9.68232e-05)
bones/6/rotation = Quaternion(-0.0264003, -0.117729, 0.96864, -0.217206)
bones/8/rest = Transform3D(0.932073, 0.36227, -7.76715e-07, -0.36227, 0.932073, -3.57887e-07, 5.94303e-07, 6.14958e-07, 1, -1.24473e-10, 0.00307314, -1.09367e-11)
bones/8/rotation = Quaternion(2.4745e-07, -3.48728e-07, -0.184292, 0.982872)
bones/10/rest = Transform3D(-0.904248, -0.427006, 1.59442e-06, 0.414574, -0.877922, -0.239543, 0.102288, -0.216606, 0.970886, -0.002021, 0.00168918, -9.68242e-05)
bones/10/rotation = Quaternion(0.0264002, -0.117729, 0.96864, 0.217207)
bones/10/scale = Vector3(1, 1, 1)
bones/12/rest = Transform3D(0.932073, -0.36227, 7.5994e-07, 0.36227, 0.932073, -2.677e-07, -6.1134e-07, 5.2482e-07, 1, 1.76122e-10, 0.00307314, 3.85739e-12)
bones/12/rotation = Quaternion(2.01583e-07, 3.48794e-07, 0.184292, 0.982872)
bones/12/scale = Vector3(1, 1, 1)
bones/14/rest = Transform3D(-0.99547, 0.0949981, -0.00401281, -0.0919084, -0.950565, 0.296614, 0.0243633, 0.295639, 0.95499, 0.00116352, 0.000654756, -0.000158508)
bones/14/rotation = Quaternion(0.00515176, 0.14993, 0.98755, -0.0473157)
bones/14/scale = Vector3(1, 1, 1)
bones/15/rest = Transform3D(0.999745, 0.0225257, 0.001798, -0.022581, 0.99282, 0.117471, 0.000861017, -0.117481, 0.993075, 1.16343e-10, 0.00438049, -1.45519e-11)
bones/15/rotation = Quaternion(-0.0588437, 0.000234669, -0.011297, 0.998203)
bones/16/rest = Transform3D(-0.586146, -0.286356, 0.757914, 0.763162, 0.118983, 0.635159, -0.27206, 0.950707, 0.148794, 2.41016e-11, 0.00516808, -2.32831e-12)
bones/16/rotation = Quaternion(0.1911, 0.623766, 0.635601, 0.412805)
bones/18/rest = Transform3D(-0.99547, -0.0949981, 0.00401281, 0.0919084, -0.950565, 0.296614, -0.0243633, 0.295639, 0.95499, -0.00116352, 0.000654756, -0.000158508)
bones/18/rotation = Quaternion(-0.00515176, 0.14993, 0.98755, 0.0473157)
bones/18/scale = Vector3(1, 1, 1)
bones/19/rest = Transform3D(0.999745, -0.0225257, -0.001798, 0.022581, 0.99282, 0.117471, -0.000861017, -0.117481, 0.993075, -1.16343e-10, 0.00438049, -1.45519e-11)
bones/19/rotation = Quaternion(-0.0588437, -0.000234669, 0.011297, 0.998203)
bones/20/rest = Transform3D(-0.586146, 0.286356, -0.757914, -0.763162, 0.118983, 0.635159, 0.27206, 0.950707, 0.148794, -2.41016e-11, 0.00516808, -2.32831e-12)
bones/20/rotation = Quaternion(-0.1911, 0.623766, 0.635601, -0.412805)

[node name="SkeletonIK3D" type="SkeletonIK3D" parent="RootNode/Armature/Skeleton3D" index="0"]
process_priority = 1
root_bone = &"u_arm.r"
tip_bone = &"hand.r"
target_node = NodePath("../../../../Camera3D/IKTargets/RightArmTarget")

[node name="Physical Bone pelvis" type="PhysicalBone3D" parent="RootNode/Armature/Skeleton3D" index="1"]
transform = Transform3D(1, 1.07992e-07, 8.52149e-08, 8.4968e-08, -0.971922, 0.235291, 1.07992e-07, -0.23529, -0.971922, 3.05578e-06, -0.000416761, 0.0106357)
visible = false
collision_layer = 0
joint_type = 1
joint_offset = Transform3D(1, 0, 0, 0, 1, 0, 0, 0, 1, -3.05589e-06, 1.87071e-05, 0.00138154)
body_offset = Transform3D(1, 1.07992e-07, 8.52149e-08, 8.49683e-08, 1.49012e-06, -0.999997, -1.07992e-07, 0.999997, 2.83122e-07, 3.05578e-06, 0.00138154, -1.87075e-05)
bone_name = "pelvis"
joint_constraints/bias = 0.3
joint_constraints/damping = 1.0
joint_constraints/impulse_clamp = 0.0

[node name="CollisionShape3D" type="CollisionShape3D" parent="RootNode/Armature/Skeleton3D/Physical Bone pelvis" index="0"]
transform = Transform3D(1, 0, 0, 0, 0, 1, 0, -1, 0, 0, 0, 0)
shape = SubResource("CapsuleShape3D_sdf8j")

[node name="Physical Bone lower_body" type="PhysicalBone3D" parent="RootNode/Armature/Skeleton3D" index="2"]
transform = Transform3D(1, -1.99373e-09, -1.80602e-09, -3.43903e-12, -0.953945, -0.0754029, 2.38594e-09, 0.0725543, -0.994103, 3.16653e-08, -0.00068539, 0.0129935)
visible = false
collision_layer = 0
joint_type = 1
joint_offset = Transform3D(1, 0, 0, 0, 1, 0, 0, 0, 1, -3.16649e-08, 2.13081e-07, 0.00101634)
body_offset = Transform3D(1, -1.99373e-09, -1.80602e-09, 2.37881e-09, -5.66244e-07, -0.996958, 1.844e-10, 0.9567, -0.000205733, 3.16667e-08, 0.00101324, 5.23869e-09)
bone_name = "lower_body"
joint_constraints/bias = 0.3
joint_constraints/damping = 1.0
joint_constraints/impulse_clamp = 0.0

[node name="CollisionShape3D" type="CollisionShape3D" parent="RootNode/Armature/Skeleton3D/Physical Bone lower_body" index="0"]
transform = Transform3D(1, 0, 0, 0, 0, 1, 0, -1, 0, 0, 0, 0)
shape = SubResource("CapsuleShape3D_7eicg")

[node name="Physical Bone upper_body" type="PhysicalBone3D" parent="RootNode/Armature/Skeleton3D" index="3"]
transform = Transform3D(1, 1.79084e-07, 1.78346e-12, 2.3148e-07, -0.970887, -0.239542, -5.7113e-08, 0.239542, -0.970887, 1.30388e-08, -0.000359169, 0.0150146)
visible = false
collision_layer = 0
joint_type = 1
joint_offset = Transform3D(1, 0, 0, 0, 1, 0, 0, 0, 1, -1.30403e-08, 6.23986e-08, 0.00104068)
body_offset = Transform3D(1, -5.93346e-08, 1.77636e-12, -1.23634e-12, 5.36442e-07, -1, -2.89901e-12, 1, 0, 1.30403e-08, 0.00104068, -6.23986e-08)
bone_name = "upper_body"
joint_constraints/bias = 0.3
joint_constraints/damping = 1.0
joint_constraints/impulse_clamp = 0.0

[node name="CollisionShape3D" type="CollisionShape3D" parent="RootNode/Armature/Skeleton3D/Physical Bone upper_body" index="0"]
transform = Transform3D(1, 0, 0, 0, 0, 1, 0, -1, 0, 0, 0, 0)
shape = SubResource("CapsuleShape3D_dqrmx")

[node name="Physical Bone neck" type="PhysicalBone3D" parent="RootNode/Armature/Skeleton3D" index="4"]
transform = Transform3D(1, 2.38419e-07, -2.5183e-14, 2.38421e-07, -1, 8.17143e-07, 1.91e-13, -7.80364e-07, -1, -4.162e-09, -0.000109891, 0.0166988)
visible = false
collision_layer = 0
joint_type = 1
joint_offset = Transform3D(1, 0, 0, 0, 1, 0, 0, 0, 1, 4.16052e-09, -7.82228e-09, 0.000673592)
body_offset = Transform3D(1, 0, -1.15494e-14, 2.37137e-15, -5.50352e-09, -1, -2.04636e-12, 1, -4.22822e-08, -4.16052e-09, 0.000673592, 7.85076e-09)
bone_name = "neck"
joint_constraints/bias = 0.3
joint_constraints/damping = 1.0
joint_constraints/impulse_clamp = 0.0

[node name="CollisionShape3D" type="CollisionShape3D" parent="RootNode/Armature/Skeleton3D/Physical Bone neck" index="0"]
transform = Transform3D(1, 0, 0, 0, 0, 1, 0, -1, 0, 0, 0, 0)
shape = SubResource("CapsuleShape3D_g2m84")

[node name="Physical Bone head" type="PhysicalBone3D" parent="RootNode/Armature/Skeleton3D" index="5"]
transform = Transform3D(1, 2.38418e-07, 4.80549e-09, 2.35121e-07, -0.986106, 0.166117, 3.9611e-08, -0.166117, -0.986106, -8.35191e-09, -0.000336864, 0.0187196)
collision_layer = 0
joint_type = 1
joint_offset = Transform3D(1, 0, 0, 0, 1, 0, 0, 0, 1, 8.34388e-09, -6.43834e-08, 0.001366)
body_offset = Transform3D(1, -9.09495e-13, 4.80546e-09, 3.13349e-12, 8.9407e-08, -1, -1.57456e-11, 1, 8.9407e-08, -8.35045e-09, 0.001366, 6.42613e-08)
bone_name = "head"
joint_constraints/bias = 0.3
joint_constraints/damping = 1.0
joint_constraints/impulse_clamp = 0.0

[node name="CollisionShape3D" type="CollisionShape3D" parent="RootNode/Armature/Skeleton3D/Physical Bone head" index="0"]
transform = Transform3D(-6.13347e-07, -0.0947674, 0.995499, -0.166117, 0.981668, 0.0934506, -0.986106, -0.165369, -0.0157431, 2.22823e-05, 0.000233127, 6.5133e-05)
shape = SubResource("CapsuleShape3D_il833")

[node name="Physical Bone u_arm_l" type="PhysicalBone3D" parent="RootNode/Armature/Skeleton3D" index="6"]
transform = Transform3D(-0.904248, -1.64438e-06, -0.427006, 2.12123e-06, -0.999999, -6.50891e-07, -0.427004, -1.50066e-06, 0.904248, 0.00259341, -0.000109904, 0.0144083)
visible = false
collision_layer = 0
joint_type = 1
joint_offset = Transform3D(1, 0, 0, 0, 1, 0, 0, 0, 1, -2.48544e-07, -2.1596e-08, 0.00134103)
body_offset = Transform3D(0.999998, -1.58025e-11, -8.94083e-08, -1.22189e-06, -4.80742e-09, -0.999999, 9.63473e-09, 0.999999, -4.75978e-09, 2.48663e-07, 0.00134103, 2.16023e-08)
bone_name = "u_arm.l"
joint_constraints/bias = 0.3
joint_constraints/damping = 1.0
joint_constraints/impulse_clamp = 0.0

[node name="CollisionShape3D" type="CollisionShape3D" parent="RootNode/Armature/Skeleton3D/Physical Bone u_arm_l" index="0"]
transform = Transform3D(1, 0, 0, 0, 0, 1, 0, -1, 0, 0, 0, 0)
shape = SubResource("CapsuleShape3D_rxjrn")

[node name="Physical Bone l_arm_l" type="PhysicalBone3D" parent="RootNode/Armature/Skeleton3D" index="7"]
transform = Transform3D(-0.898769, -1.25942e-06, -0.438423, 1.72053e-06, -1, -6.44059e-07, -0.438423, -1.33544e-06, 0.898769, 0.0038398, -0.000109877, 0.0118145)
visible = false
collision_layer = 0
joint_type = 1
joint_offset = Transform3D(1, 0, 0, 0, 1, 0, 0, 0, 1, -2.08937e-07, 3.62525e-09, 0.00153676)
body_offset = Transform3D(1, -3.83125e-11, 2.08615e-07, 5.96057e-08, 3.57807e-09, -1, -3.41061e-13, 1, 3.54959e-09, 2.08616e-07, 0.00153676, -3.6307e-09)
bone_name = "l_arm.l"
joint_constraints/bias = 0.3
joint_constraints/damping = 1.0
joint_constraints/impulse_clamp = 0.0

[node name="CollisionShape3D" type="CollisionShape3D" parent="RootNode/Armature/Skeleton3D/Physical Bone l_arm_l" index="0"]
transform = Transform3D(1, 0, 0, 0, 0, 1, 0, -1, 0, 0, 0, 0)
shape = SubResource("CapsuleShape3D_fq68l")

[node name="Physical Bone hand_l" type="PhysicalBone3D" parent="RootNode/Armature/Skeleton3D" index="8"]
transform = Transform3D(-0.996528, -7.19837e-07, -0.0830451, 7.77312e-07, -1, -6.05333e-07, -0.0830456, -6.70028e-07, 0.996528, 0.00417769, -0.000109576, 0.00962522)
visible = false
collision_layer = 0
joint_type = 1
joint_offset = Transform3D(1, 0, 0, 0, 1, 0, 0, 0, 1, -0.000401874, 3.02498e-07, 0.000777866)
body_offset = Transform3D(0.999982, -1.87583e-12, 1.27405e-06, 1.48267e-06, -2.59206e-11, -0.999982, -9.86233e-12, 1, 5.96856e-12, 0.000401866, 0.000777853, -3.02498e-07)
bone_name = "hand.l"
joint_constraints/bias = 0.3
joint_constraints/damping = 1.0
joint_constraints/impulse_clamp = 0.0

[node name="CollisionShape3D" type="CollisionShape3D" parent="RootNode/Armature/Skeleton3D/Physical Bone hand_l" index="0"]
transform = Transform3D(1, 0, 0, 0, 0, 1, 0, -1, 0, 0, 0, 0)
shape = SubResource("CapsuleShape3D_658xw")

[node name="Physical Bone u_arm_r" type="PhysicalBone3D" parent="RootNode/Armature/Skeleton3D" index="9"]
transform = Transform3D(-0.712712, 0.419207, 0.54303, 0.0667026, -0.688201, 0.681197, 0.69795, 0.493657, 0.489308, -0.00275299, -0.00101912, 0.0149589)
visible = false
collision_layer = 0
joint_type = 1
joint_offset = Transform3D(1, 0, 0, 0, 1, 0, 0, 0, 1, 1.16621e-06, 8.32687e-06, 0.00134307)
body_offset = Transform3D(0.958794, -0.0517408, 0.277719, 0.280779, 0.296399, -0.90618, -0.0376678, 0.895837, 0.316299, -0.000373683, 0.00121426, -0.000432226)
bone_name = "u_arm.r"
joint_constraints/bias = 0.3
joint_constraints/damping = 1.0
joint_constraints/impulse_clamp = 0.0

[node name="CollisionShape3D" type="CollisionShape3D" parent="RootNode/Armature/Skeleton3D/Physical Bone u_arm_r" index="0"]
transform = Transform3D(1, 0, 0, 0, 0, 1, 0, -1, 0, 0, 0, 0)
shape = SubResource("CapsuleShape3D_ykp6o")

[node name="Physical Bone l_arm_r" type="PhysicalBone3D" parent="RootNode/Armature/Skeleton3D" index="10"]
transform = Transform3D(-0.204271, 0.92066, 0.331366, 0.923933, 0.0698903, 0.375525, 0.322779, 0.382845, -0.865352, -0.00473397, -0.00377628, 0.0164463)
visible = false
collision_layer = 0
joint_type = 1
joint_offset = Transform3D(1, 0, 0, 0, 1, 0, 0, 0, 1, 0.000745214, 0.000829513, 0.00185926)
body_offset = Transform3D(0.713018, -0.123616, -0.689954, -0.661599, -0.443608, -0.604236, -0.231371, 0.887173, -0.39824, 0.000853993, 0.00198444, 0.000176931)
bone_name = "l_arm.r"
joint_constraints/bias = 0.3
joint_constraints/damping = 1.0
joint_constraints/impulse_clamp = 0.0

[node name="CollisionShape3D" type="CollisionShape3D" parent="RootNode/Armature/Skeleton3D/Physical Bone l_arm_r" index="0"]
transform = Transform3D(1, 0, 0, 0, 0, 1, 0, -1, 0, 0, 0, 0)
shape = SubResource("CapsuleShape3D_17pwr")

[node name="Physical Bone hand_r" type="PhysicalBone3D" parent="RootNode/Armature/Skeleton3D" index="11"]
transform = Transform3D(-0.696216, -0.649253, 0.205829, -0.703778, 0.670725, -0.0108929, -0.138632, -0.14405, -0.978078, -0.0046128, -0.0069458, 0.0163155)
visible = false
collision_layer = 0
joint_type = 1
joint_offset = Transform3D(1, 0, 0, 0, 1, 0, 0, 0, 1, -0.00105592, 0.00179384, 0.00038788)
body_offset = Transform3D(0.757747, 0.41277, -0.484059, 0.382409, -0.84932, -0.212573, -0.528126, -0.0226478, -0.848361, 0.000247436, 0.00200979, -0.000187971)
bone_name = "hand.r"
joint_constraints/bias = 0.3
joint_constraints/damping = 1.0
joint_constraints/impulse_clamp = 0.0

[node name="CollisionShape3D" type="CollisionShape3D" parent="RootNode/Armature/Skeleton3D/Physical Bone hand_r" index="0"]
transform = Transform3D(1, 0, 0, 0, 0, 1, 0, -1, 0, 0, 0, 0)
shape = SubResource("CapsuleShape3D_oeehf")

[node name="Physical Bone u_leg_l" type="PhysicalBone3D" parent="RootNode/Armature/Skeleton3D" index="12"]
transform = Transform3D(-0.995434, -0.0040128, -0.0949998, -0.00251753, -0.997962, 0.0636782, -0.0950703, 0.0635848, 0.993437, 0.00137162, -0.000249325, 0.00778636)
visible = false
collision_layer = 0
joint_type = 1
joint_offset = Transform3D(1, 0, 0, 0, 1, 0, 0, 0, 1, 3.37476e-08, 2.26127e-08, 0.00219021)
body_offset = Transform3D(0.999967, 1.53668e-08, 1.91988e-06, 4.25143e-05, -2.23517e-08, -0.999998, 0.000461837, 0.999993, 2.45869e-07, -3.79514e-08, 0.0021902, -2.31666e-08)
bone_name = "u_leg.l"
joint_constraints/bias = 0.3
joint_constraints/damping = 1.0
joint_constraints/impulse_clamp = 0.0

[node name="CollisionShape3D" type="CollisionShape3D" parent="RootNode/Armature/Skeleton3D/Physical Bone u_leg_l" index="0"]
transform = Transform3D(1, 0, 0, 0, 0, 1, 0, -1, 0, 0, 0, 0)
shape = SubResource("CapsuleShape3D_03kff")

[node name="Physical Bone l_leg_l" type="PhysicalBone3D" parent="RootNode/Armature/Skeleton3D" index="13"]
transform = Transform3D(-0.996902, 0.00538457, -0.0723638, -0.00159489, -0.998542, -0.0539737, -0.0719357, -0.0537224, 0.9959, 0.00176664, -0.000249345, 0.00303714)
visible = false
collision_layer = 0
joint_type = 1
joint_offset = Transform3D(1, 0, 0, 0, 1, 0, 0, 0, 1, 3.29382e-09, 1.41271e-08, 0.0025839)
body_offset = Transform3D(0.999495, -2.19792e-07, 1.33904e-06, -0.000583588, -3.49805e-06, -0.999983, 8.94485e-05, 1, -3.65078e-07, -6.75209e-09, 0.00258385, -1.3184e-08)
bone_name = "l_leg.l"
joint_constraints/bias = 0.3
joint_constraints/damping = 1.0
joint_constraints/impulse_clamp = 0.0

[node name="CollisionShape3D" type="CollisionShape3D" parent="RootNode/Armature/Skeleton3D/Physical Bone l_leg_l" index="0"]
transform = Transform3D(1, 0, 0, 0, 0, 1, 0, -1, 0, 0, 0, 0)
shape = SubResource("CapsuleShape3D_8s1rc")

[node name="Physical Bone foot_l" type="PhysicalBone3D" parent="RootNode/Armature/Skeleton3D" index="14"]
transform = Transform3D(0.638344, -0.709149, -0.299334, 0.313719, -0.115414, 0.942482, -0.702903, -0.695546, 0.148799, 0.00225855, -0.00107, 0.00031183)
visible = false
collision_layer = 0
joint_type = 1
joint_offset = Transform3D(1, 0, 0, 0, 1, 0, 0, 0, 1, -2.60012e-08, -5.29096e-08, 0.00101872)
body_offset = Transform3D(0.999988, 1.91107e-06, 2.68221e-07, -4.32134e-06, 2.75671e-06, -1.00001, 1.03638e-05, 0.999998, 3.2559e-06, 2.57278e-08, 0.00101873, 4.95929e-08)
friction = 0.0
bone_name = "foot.l"
joint_constraints/bias = 0.3
joint_constraints/damping = 1.0
joint_constraints/impulse_clamp = 0.0

[node name="CollisionShape3D" type="CollisionShape3D" parent="RootNode/Armature/Skeleton3D/Physical Bone foot_l" index="0"]
transform = Transform3D(1, 0, 0, 0, 0, 1, 0, -1, 0, 0, 0, 0)
shape = SubResource("CapsuleShape3D_3bdge")

[node name="Physical Bone u_leg_r" type="PhysicalBone3D" parent="RootNode/Armature/Skeleton3D" index="15"]
transform = Transform3D(-0.995416, 0.0040127, 0.0949978, 0.00269676, -0.997991, 0.0636797, 0.0950652, 0.0635849, 0.993444, -0.00137147, -0.000249345, 0.00778623)
visible = false
collision_layer = 0
joint_type = 1
joint_offset = Transform3D(1, 0, 0, 0, 1, 0, 0, 0, 1, 1.24101e-07, 1.29942e-08, 0.00219031)
body_offset = Transform3D(0.999948, 3.09665e-08, 7.45888e-07, -5.06072e-05, 1.75834e-06, -1, -0.00064095, 1.00002, -7.6741e-07, -1.25729e-07, 0.00219032, -1.12341e-08)
bone_name = "u_leg.r"
joint_constraints/bias = 0.3
joint_constraints/damping = 1.0
joint_constraints/impulse_clamp = 0.0

[node name="CollisionShape3D" type="CollisionShape3D" parent="RootNode/Armature/Skeleton3D/Physical Bone u_leg_r" index="0"]
transform = Transform3D(1, 0, 0, 0, 0, 1, 0, -1, 0, 0, 0, 0)
shape = SubResource("CapsuleShape3D_88fdy")

[node name="Physical Bone l_leg_r" type="PhysicalBone3D" parent="RootNode/Armature/Skeleton3D" index="16"]
transform = Transform3D(-0.997366, -0.00538784, 0.0723578, 0.00148962, -0.998542, -0.0539772, 0.072533, -0.0537198, 0.99588, -0.00176612, -0.000249244, 0.00303598)
visible = false
collision_layer = 0
joint_type = 1
joint_offset = Transform3D(1, 0, 0, 0, 1, 0, 0, 0, 1, 5.89039e-07, 4.42533e-08, 0.00258508)
body_offset = Transform3D(1, 3.67046e-06, 3.16076e-06, 1.65522e-05, -5.8189e-06, -0.999963, -1.39358e-05, 1, 4.19095e-06, -5.97211e-07, 0.00258498, -5.5079e-08)
bone_name = "l_leg.r"
joint_constraints/bias = 0.3
joint_constraints/damping = 1.0
joint_constraints/impulse_clamp = 0.0

[node name="CollisionShape3D" type="CollisionShape3D" parent="RootNode/Armature/Skeleton3D/Physical Bone l_leg_r" index="0"]
transform = Transform3D(1, 0, 0, 0, 0, 1, 0, -1, 0, 0, 0, 0)
shape = SubResource("CapsuleShape3D_p11ky")

[node name="Physical Bone foot_r" type="PhysicalBone3D" parent="RootNode/Armature/Skeleton3D" index="17"]
transform = Transform3D(0.638355, 0.709151, 0.29944, -0.313721, -0.115407, 0.942822, 0.702909, -0.695536, 0.148849, -0.00225857, -0.0010702, 0.000311768)
visible = false
collision_layer = 0
joint_type = 1
joint_offset = Transform3D(1, 0, 0, 0, 1, 0, 0, 0, 1, 2.12847e-08, -1.07531e-07, 0.00101856)
body_offset = Transform3D(0.999999, 3.51667e-06, -4.38094e-06, 2.20537e-06, -5.64754e-06, -1.00037, -6.13555e-06, 0.999992, 3.96371e-06, -1.6822e-08, 0.00101893, 1.03493e-07)
friction = 0.0
bone_name = "foot.r"
joint_constraints/bias = 0.3
joint_constraints/damping = 1.0
joint_constraints/impulse_clamp = 0.0

[node name="CollisionShape3D" type="CollisionShape3D" parent="RootNode/Armature/Skeleton3D/Physical Bone foot_r" index="0"]
transform = Transform3D(1, 0, 0, 0, 0, 1, 0, -1, 0, 0, 0, 0)
shape = SubResource("CapsuleShape3D_npe5r")

[node name="TargetPose" parent="." index="2" instance=ExtResource("2_qkv5v")]
visible = false

[node name="Skeleton3D" parent="TargetPose/RootNode/Armature" index="0"]
bones/10/position = Vector3(-0.002021, 0.00168918, -9.68241e-05)
bones/10/rotation = Quaternion(-0.187937, 0.838113, 0.49969, 0.112051)
bones/10/scale = Vector3(1, 1, 1)

[node name="Physical Bone pelvis" type="PhysicalBone3D" parent="TargetPose/RootNode/Armature/Skeleton3D" index="0"]
transform = Transform3D(1, -2.04146e-06, -7.45065e-09, -9.98377e-07, -0.971921, 0.235289, 5.06671e-08, -0.235289, -0.97192, 3.34694e-10, -0.000436055, 0.0106358)
visible = false
joint_offset = Transform3D(1, 0, 0, 0, 1, 0, 0, 0, 1, -3.25887e-10, -2.16329e-08, 0.00138619)
body_offset = Transform3D(1, -2.04146e-06, -7.45065e-09, 2.84155e-07, 2.26498e-06, -0.999994, 9.58426e-07, 0.999996, 1.83284e-06, 3.36172e-10, 0.00138619, 1.90921e-08)
bone_name = "pelvis"

[node name="Physical Bone lower_body" type="PhysicalBone3D" parent="TargetPose/RootNode/Armature/Skeleton3D" index="1"]
transform = Transform3D(0.999995, -1.40071e-06, -5.58868e-09, 2.53319e-07, -0.969894, -0.0748479, -1.39207e-07, 0.0737671, -0.990226, 3.88536e-09, -0.000685375, 0.0129937)
visible = false
joint_type = 1
joint_offset = Transform3D(1, 0, 0, 0, 1, 0, 0, 0, 1, -3.88048e-09, 4.87116e-07, 0.00102048)
body_offset = Transform3D(0.999995, -1.40071e-06, -5.58868e-09, -1.19595e-07, -1.00583e-06, -0.993051, -2.63147e-07, 0.972696, -0.000465333, 3.88684e-09, 0.00101339, 1.04774e-09)
bone_name = "lower_body"
joint_constraints/bias = 0.3
joint_constraints/damping = 1.0
joint_constraints/impulse_clamp = 0.0

[node name="Physical Bone upper_body" type="PhysicalBone3D" parent="TargetPose/RootNode/Armature/Skeleton3D" index="2"]
transform = Transform3D(0.999997, 9.68575e-07, -1.42109e-14, 1.2964e-06, -0.970882, -0.239539, -3.86306e-07, 0.23954, -0.970881, -9.60426e-10, -0.000359184, 0.0150147)
visible = false
joint_type = 1
joint_offset = Transform3D(1, 0, 0, 0, 1, 0, 0, 0, 1, 9.58945e-10, 6.23901e-09, 0.00104085)
body_offset = Transform3D(0.999997, 7.30158e-07, 2.41585e-13, -6.45172e-08, -1.04308e-07, -0.999995, -1.11277e-06, 0.999996, -1.07288e-06, -9.58947e-10, 0.00104084, -5.12227e-09)
bone_name = "upper_body"
joint_constraints/bias = 0.3
joint_constraints/damping = 1.0
joint_constraints/impulse_clamp = 0.0

[node name="Physical Bone neck" type="PhysicalBone3D" parent="TargetPose/RootNode/Armature/Skeleton3D" index="3"]
transform = Transform3D(1, 9.23872e-07, -5.96029e-08, 3.12924e-07, -1, -2.26498e-06, -6.85455e-07, -1.93716e-06, -1, 2.54658e-11, -0.000109879, 0.0166989)
visible = false
joint_type = 1
joint_offset = Transform3D(1, 0, 0, 0, 1, 0, 0, 0, 1, 1.3209e-11, 8.86613e-10, 0.000673685)
body_offset = Transform3D(1, 6.85453e-07, -5.96035e-08, -6.85455e-07, -1.37091e-06, -1, -7.45056e-08, 1, 2.83122e-06, 2.69444e-11, 0.000673685, -2.79397e-09)
bone_name = "neck"
joint_constraints/bias = 0.3
joint_constraints/damping = 1.0
joint_constraints/impulse_clamp = 0.0

[node name="Physical Bone head" type="PhysicalBone3D" parent="TargetPose/RootNode/Armature/Skeleton3D" index="4"]
transform = Transform3D(1, 4.32134e-07, -3.31551e-07, 4.02331e-07, -0.986107, 0.166115, -1.43835e-07, -0.166116, -0.986107, 2.2992e-09, -0.000336847, 0.0187198)
visible = false
joint_type = 1
joint_offset = Transform3D(1, 0, 0, 0, 1, 0, 0, 0, 1, -1.8477e-09, -1.62499e-08, 0.00136621)
body_offset = Transform3D(1, 1.93715e-07, -3.31551e-07, -2.0867e-07, 1.01328e-06, -1, -1.34429e-07, 1, 1.66893e-06, 2.30068e-09, 0.00136621, 1.39698e-08)
bone_name = "head"
joint_constraints/bias = 0.3
joint_constraints/damping = 1.0
joint_constraints/impulse_clamp = 0.0

[node name="Physical Bone u_arm_l" type="PhysicalBone3D" parent="TargetPose/RootNode/Armature/Skeleton3D" index="5"]
transform = Transform3D(-0.904253, -1.2964e-06, -0.427002, 2.37207e-06, -0.999999, -6.4075e-07, -0.427002, -1.46874e-06, 0.904249, 0.00259361, -0.000109889, 0.0144084)
visible = false
joint_type = 1
joint_offset = Transform3D(1, 0, 0, 0, 1, 0, 0, 0, 1, -4.83714e-09, -8.06883e-09, 0.001341)
body_offset = Transform3D(1, -2.48211e-07, -3.33786e-06, -5.54323e-06, 2.58358e-07, -0.999998, -3.23158e-07, 0.999999, 1.19203e-07, 9.31323e-09, 0.001341, 7.90897e-09)
bone_name = "u_arm.l"
joint_constraints/bias = 0.3
joint_constraints/damping = 1.0
joint_constraints/impulse_clamp = 0.0

[node name="Physical Bone l_arm_l" type="PhysicalBone3D" parent="TargetPose/RootNode/Armature/Skeleton3D" index="6"]
transform = Transform3D(-0.898763, -3.39746e-06, -0.438419, 2.38418e-06, -0.999997, -1.45286e-06, -0.43842, -1.81395e-06, 0.898765, 0.0038399, -0.000109877, 0.0118148)
visible = false
joint_type = 1
joint_offset = Transform3D(1, 0, 0, 0, 1, 0, 0, 0, 1, -9.98586e-09, 1.33398e-09, 0.00153658)
body_offset = Transform3D(0.999993, 2.21327e-06, -2.5928e-06, 5.96062e-08, -3.61301e-07, -0.999995, -7.47317e-07, 0.999997, 9.45414e-07, 1.39698e-08, 0.00153657, -2.78669e-09)
bone_name = "l_arm.l"
joint_constraints/bias = 0.3
joint_constraints/damping = 1.0
joint_constraints/impulse_clamp = 0.0

[node name="Physical Bone hand_l" type="PhysicalBone3D" parent="TargetPose/RootNode/Armature/Skeleton3D" index="7"]
transform = Transform3D(-0.996543, -5.66244e-07, -0.0830451, 1.2964e-06, -0.999995, -3.96721e-07, -0.0830455, 7.29998e-08, 0.996544, 0.00422505, -0.000109596, 0.00962532)
visible = false
joint_type = 1
joint_offset = Transform3D(1, 0, 0, 0, 1, 0, 0, 0, 1, -0.000354663, 2.8228e-07, 0.00078169)
body_offset = Transform3D(0.999996, -1.90016e-07, -1.34111e-07, 8.19569e-08, -5.65311e-07, -0.999998, -5.4885e-07, 0.999994, -5.42908e-08, 0.000354662, 0.000781689, -2.82431e-07)
bone_name = "hand.l"
joint_constraints/bias = 0.3
joint_constraints/damping = 1.0
joint_constraints/impulse_clamp = 0.0

[node name="Physical Bone u_arm_r" type="PhysicalBone3D" parent="TargetPose/RootNode/Armature/Skeleton3D" index="8"]
transform = Transform3D(-0.904201, -6.4788e-06, 0.426975, 0.316099, 0.642367, 0.66921, -0.287159, 0.707111, -0.60793, -0.00259345, -0.00101182, 0.0164316)
visible = false
joint_type = 1
joint_offset = Transform3D(1, 9.09495e-13, -2.96678e-08, 1.81899e-12, 1, 2.72848e-12, -2.96835e-08, -9.09495e-13, 1, 2.04402e-07, 6.80204e-06, 0.00134114)
joint_rotation = Vector3(-9.09495e-13, 2.96835e-08, 1.81899e-12)
body_offset = Transform3D(0.99998, 1.6883e-05, -2.90573e-05, -6.70105e-05, -1.51992e-05, -0.999865, -1.34408e-05, 0.955323, -1.48118e-05, -1.65543e-07, 0.00134096, -6.47828e-06)
bone_name = "u_arm.r"
joint_constraints/bias = 0.3
joint_constraints/damping = 1.0
joint_constraints/impulse_clamp = 0.0

[node name="Physical Bone l_arm_r" type="PhysicalBone3D" parent="TargetPose/RootNode/Armature/Skeleton3D" index="9"]
transform = Transform3D(-0.898729, 0.00394309, 0.438439, 0.324532, 0.672364, 0.665295, -0.294791, 0.740156, -0.60434, -0.00383973, -0.0029274, 0.0181801)
visible = false
joint_type = 1
joint_offset = Transform3D(1, 0, 0, 0, 1, 0, 0, 0, 1, 1.6232e-07, 2.24447e-07, 0.00153644)
body_offset = Transform3D(0.999969, -0.00353974, 1.10269e-06, -2.43187e-05, -0.00173286, -1.00004, 7.98702e-06, 0.999953, 1.03116e-05, -1.63214e-07, 0.0015365, -2.40281e-07)
bone_name = "l_arm.r"
joint_constraints/bias = 0.3
joint_constraints/damping = 1.0
joint_constraints/impulse_clamp = 0.0

[node name="Physical Bone hand_r" type="PhysicalBone3D" parent="TargetPose/RootNode/Armature/Skeleton3D" index="10"]
transform = Transform3D(-0.996508, 2.79395e-06, 0.0830501, 0.0614709, 0.642308, 0.737616, -0.055834, 0.707035, -0.670093, -0.00458216, -0.00455111, 0.0196534)
visible = false
joint_type = 1
joint_offset = Transform3D(1, 0, 0, 0, 1, 0, 0, 0, 1, -9.49098e-07, 1.55393e-06, 0.000814403)
body_offset = Transform3D(0.999963, 9.42498e-07, -3.94881e-06, 7.07805e-08, -2.88785e-05, -1, 3.10317e-06, 0.955227, -3.17991e-05, 9.52277e-07, 0.000814402, -1.45845e-06)
bone_name = "hand.r"
joint_constraints/bias = 0.3
joint_constraints/damping = 1.0
joint_constraints/impulse_clamp = 0.0

[node name="Physical Bone u_leg_l" type="PhysicalBone3D" parent="TargetPose/RootNode/Armature/Skeleton3D" index="11"]
transform = Transform3D(-0.995444, -0.00401297, -0.0949975, -0.00247233, -0.997973, 0.0636793, -0.0950696, 0.0635862, 0.993441, 0.00137161, -0.000249353, 0.00778638)
visible = false
joint_type = 1
joint_offset = Transform3D(1, 0, 0, 0, 1, 0, 0, 0, 1, 3.33558e-08, -4.2713e-09, 0.00219019)
body_offset = Transform3D(0.999977, 9.01055e-08, -7.71644e-07, 3.79812e-05, -6.18398e-07, -1, 0.000416807, 1, -3.94881e-07, -3.1665e-08, 0.00219019, 5.12227e-09)
bone_name = "u_leg.l"
joint_constraints/bias = 0.3
joint_constraints/damping = 1.0
joint_constraints/impulse_clamp = 0.0

[node name="Physical Bone l_leg_l" type="PhysicalBone3D" parent="TargetPose/RootNode/Armature/Skeleton3D" index="12"]
transform = Transform3D(-0.996067, 0.00538471, -0.0723637, -0.00190835, -0.998541, -0.0539746, -0.0713366, -0.0537254, 0.995909, 0.00176665, -0.000249348, 0.00303694)
visible = false
joint_type = 1
joint_offset = Transform3D(1, 0, 0, 0, 1, 0, 0, 0, 1, -4.56526e-11, 4.6457e-10, 0.00258408)
body_offset = Transform3D(0.99862, -1.39582e-07, 5.58255e-07, -0.00113678, -2.86847e-07, -0.999992, 0.00037475, 0.999999, 1.86265e-07, -1.39698e-09, 0.00258406, -9.45874e-10)
bone_name = "l_leg.l"
joint_constraints/bias = 0.3
joint_constraints/damping = 1.0
joint_constraints/impulse_clamp = 0.0

[node name="Physical Bone foot_l" type="PhysicalBone3D" parent="TargetPose/RootNode/Armature/Skeleton3D" index="13"]
transform = Transform3D(0.638361, -0.70915, -0.299336, 0.313721, -0.115411, 0.942493, -0.702909, -0.695543, 0.148804, 0.00225857, -0.00107001, 0.000311876)
visible = false
joint_type = 1
joint_offset = Transform3D(1, 0, 0, 0, 1, 0, 0, 0, 1, -1.95664e-09, -8.42244e-09, 0.00101872)
body_offset = Transform3D(1, 5.62519e-07, -1.2219e-06, -8.34465e-07, -8.79169e-07, -1.00002, 2.44752e-06, 0.999997, -7.45058e-08, 3.20142e-09, 0.00101874, 8.49832e-09)
bone_name = "foot.l"
joint_constraints/bias = 0.3
joint_constraints/damping = 1.0
joint_constraints/impulse_clamp = 0.0

[node name="Physical Bone u_leg_r" type="PhysicalBone3D" parent="TargetPose/RootNode/Armature/Skeleton3D" index="14"]
transform = Transform3D(-0.995424, 0.00401197, 0.0949977, 0.00268205, -0.99797, 0.063679, 0.0950637, 0.0635853, 0.993437, -0.00137156, -0.000249349, 0.0077864)
visible = false
joint_type = 1
joint_offset = Transform3D(1, 0, 0, 0, 1, 0, 0, 0, 1, 1.44794e-08, -1.79437e-09, 0.00219017)
body_offset = Transform3D(0.999957, 8.27014e-07, 1.92857e-07, -4.74269e-05, 1.56462e-07, -0.999998, -0.000626386, 1, -3.72529e-07, -1.49012e-08, 0.00219017, 2.61934e-09)
bone_name = "u_leg.r"
joint_constraints/bias = 0.3
joint_constraints/damping = 1.0
joint_constraints/impulse_clamp = 0.0

[node name="Physical Bone l_leg_r" type="PhysicalBone3D" parent="TargetPose/RootNode/Armature/Skeleton3D" index="15"]
transform = Transform3D(-0.997336, -0.00538479, 0.0723607, 0.00142778, -0.998539, -0.0539749, 0.0725461, -0.0537251, 0.995912, -0.00176622, -0.000249222, 0.00303563)
visible = false
joint_type = 1
joint_offset = Transform3D(1, 0, 0, 0, 1, 0, 0, 0, 1, 5.16178e-07, 5.80686e-08, 0.00258535)
body_offset = Transform3D(0.999973, 2.38302e-07, 2.62003e-06, -1.84409e-06, -4.58211e-07, -0.999995, 4.69674e-05, 0.999997, 3.31551e-07, -5.22938e-07, 0.00258534, -5.89498e-08)
bone_name = "l_leg.r"
joint_constraints/bias = 0.3
joint_constraints/damping = 1.0
joint_constraints/impulse_clamp = 0.0

[node name="Physical Bone foot_r" type="PhysicalBone3D" parent="TargetPose/RootNode/Armature/Skeleton3D" index="16"]
transform = Transform3D(0.638363, 0.709147, 0.299329, -0.313722, -0.1154, 0.942477, 0.702904, -0.695545, 0.1488, -0.00225857, -0.00107001, 0.000311884)
visible = false
joint_type = 1
joint_offset = Transform3D(1, 0, 0, 0, 1, 0, 0, 0, 1, 2.02264e-10, -9.03531e-10, 0.00101873)
body_offset = Transform3D(1, -7.46548e-06, -6.55651e-07, 1.3411e-06, -1.03191e-05, -1, 2.43261e-06, 0.999994, -1.41561e-07, 4.65661e-10, 0.00101873, 1.04774e-09)
bone_name = "foot.r"
joint_constraints/bias = 0.3
joint_constraints/damping = 1.0
joint_constraints/impulse_clamp = 0.0

[node name="Camera3D" type="Camera3D" parent="." index="3"]
transform = Transform3D(1, 0, 0, 0, 1, 0, 0, 0, 1, 0, 1.73443, 0)
top_level = true
near = 0.001

[node name="OmniLight3D" type="OmniLight3D" parent="Camera3D" index="0"]
light_color = Color(0.898039, 0.952941, 0.886275, 1)
omni_range = 10.0
omni_attenuation = 0.5

[node name="IKTargets" type="Node3D" parent="Camera3D" index="1"]

[node name="RightArmTarget" type="Marker3D" parent="Camera3D/IKTargets" index="0"]
transform = Transform3D(0.928024, -0.307861, -0.209743, 0.302018, 0.292198, 0.907417, -0.218072, -0.905451, 0.364146, 0.632051, -0.112048, -0.749597)

[node name="Attachments" type="Node3D" parent="." index="4"]

[node name="RightHandAttachment" type="BoneAttachment3D" parent="Attachments" index="0"]
transform = Transform3D(92.798, -30.7847, -20.9733, 30.2004, 29.2184, 90.7374, -21.8062, -90.5408, 36.4129, 0.496247, 1.58241, -0.500372)
bone_name = "hand.r"
bone_idx = 12
use_external_skeleton = true
external_skeleton = NodePath("../../RootNode/Armature/Skeleton3D")

[node name="CSGBox3D" type="CSGBox3D" parent="Attachments/RightHandAttachment" index="0"]
transform = Transform3D(0.00984082, -0.00177709, -1.29569e-08, -0.00177709, -0.00984083, 5.87802e-09, -1.36902e-08, -4.25345e-09, -0.00999946, -9.76436e-05, 0.000536379, -2.48706e-05)
size = Vector3(0.0352783, 0.161865, 0.077179)

[node name="RigidBody3D" type="RigidBody3D" parent="Attachments/RightHandAttachment" index="1"]
transform = Transform3D(0.911891, 0.333387, -0.239429, -0.33244, 0.94205, 0.045487, 0.240705, 0.0381196, 0.96988, -6.98967e-05, 0.000137514, -9.6296e-05)
collision_layer = 0
mass = 0.01

[node name="Sword" type="MeshInstance3D" parent="Attachments/RightHandAttachment/RigidBody3D" index="0"]
transform = Transform3D(0.00996545, 9.77234e-05, 0.000824686, 0.000830457, -0.00117253, -0.00989622, -1.04516e-08, 0.00993054, -0.00117659, -0.00014708, 0.000800888, -0.00216798)
mesh = ExtResource("2_wf343")
skeleton = NodePath("../../../..")

[node name="CollisionShape3D" type="CollisionShape3D" parent="Attachments/RightHandAttachment/RigidBody3D" index="1"]
transform = Transform3D(0.00996547, 9.77407e-05, 0.00082471, 0.000830437, -0.00117253, -0.00989627, 3.95812e-09, 0.00993059, -0.00117661, -0.000147085, 0.000800891, -0.00216799)
shape = SubResource("ConvexPolygonShape3D_yecvy")

[node name="RightLowerArmAttachment" type="BoneAttachment3D" parent="Attachments" index="1"]
transform = Transform3D(48.8318, 47.3787, -73.28, 78.0022, 13.9459, 60.9952, 39.1197, -86.9483, -30.1475, 0.35064, 1.53955, -0.233158)
bone_name = "l_arm.r"
bone_idx = 11
use_external_skeleton = true
external_skeleton = NodePath("../../RootNode/Armature/Skeleton3D")

[node name="CSGBox3D" type="CSGBox3D" parent="Attachments/RightLowerArmAttachment" index="0"]
transform = Transform3D(0.00999999, 4.65652e-10, 5.32907e-15, -4.6567e-10, 0.01, -6.66134e-15, -1.10134e-13, 1.59872e-14, 0.0099994, -8.51164e-05, 0.00130529, 5.09317e-10)
size = Vector3(0.0532837, 0.257202, 0.077179)

[node name="Joints" type="Node3D" parent="." index="5"]

[editable path="TargetPose"]
